1 1 1 1 1 1 1 1 1 1 1 1 1 1 1 1 1 1 1 1 1 1 1 1 1
1 6 6 6 6 6 6 6 6 6 6 6 6 6 6 6 6 6 6 6 6 6 6 6 1
1 6 6 6 6 6 6 6 6 6 6 6 6 6 6 6 6 6 6 6 6 6 6 6 1
1 6 6 6 4 4 4 4 4 4 4 4 4 4 4 4 4 4 4 4 4 6 6 6 1
1 6 6 4 7 7 7 7 7 7 7 7 7 7 7 7 7 7 7 7 7 8 6 6 1
1 6 6 4 7 7 7 7 7 7 7 7 7 7 7 7 7 7 7 7 7 8 6 6 1
1 6 6 4 7 7 7 7 7 7 7 7 7 7 7 7 7 7 7 7 7 8 6 6 1
1 6 6 4 7 7 7 7 2 7 7 7 2 7 7 7 2 7 7 7 7 8 6 6 1
1 6 6 4 7 7 7 7 2 7 7 7 2 7 7 7 2 7 7 7 7 8 6 6 1
1 6 6 4 7 7 7 7 7 7 7 7 2 7 7 7 7 7 7 7 7 8 6 6 1
1 6 6 4 7 7 7 7 7 7 7 7 2 7 7 7 7 7 7 7 7 8 6 6 1
1 6 6 4 7 7 7 7 7 7 7 2 2 7 7 7 7 7 7 7 7 8 6 6 1
1 6 6 4 7 7 7 7 7 7 7 7 7 7 7 7 7 7 7 7 7 8 6 6 1
1 6 6 4 7 7 7 7 7 2 7 7 7 7 2 7 7 7 7 7 7 8 6 6 1
1 6 6 4 7 7 7 7 7 7 2 2 2 2 7 7 7 7 7 7 7 8 6 6 1
1 6 6 4 7 7 7 7 7 7 7 7 7 7 7 7 7 7 7 7 7 8 6 6 1
1 6 6 4 7 7 7 7 7 7 7 7 7 7 7 7 7 7 7 7 7 8 6 6 1
1 6 6 6 8 8 8 8 8 8 8 8 8 8 8 8 8 8 8 8 8 6 6 6 1
1 6 6 6 6 6 6 6 6 6 6 6 6 6 6 6 6 6 6 6 6 6 6 6 1
1 6 6 6 6 6 6 6 6 6 6 6 6 6 6 6 6 6 6 6 6 6 6 6 1
1 6 6 6 6 6 6 6 6 6 6 6 6 6 6 6 6 6 6 6 6 6 6 6 1
1 6 6 6 6 6 6 6 6 6 6 6 6 6 6 6 6 6 6 6 6 6 6 6 1
1 6 6 5 5 6 6 6 6 6 6 6 6 2 2 2 2 2 2 2 2 6 6 6 1
1 6 6 3 3 6 6 6 6 6 6 6 6 8 8 8 8 8 8 8 8 6 6 6 1
1 6 6 6 6 6 6 6 6 6 6 6 6 6 6 6 6 6 6 6 6 6 6 6 1
1 6 6 6 6 6 6 6 6 6 6 6 6 6 6 6 6 6 6 6 6 6 6 6 1
1 6 6 6 6 6 6 6 6 6 6 6 6 6 6 6 6 6 6 6 6 6 6 6 1
0 1 1 1 1 1 1 1 1 1 1 1 1 1 1 1 1 1 1 1 1 1 1 1 6
0 1 6 6 6 6 6 4 4 4 4 4 4 1 1 1 1 1 1 1 1 1 1 1 6
0 1 6 6 6 6 6 6 6 6 4 4 4 4 4 4 1 1 1 1 1 1 1 1 6
0 1 6 6 6 6 6 6 6 6 6 6 6 4 4 4 4 4 4 1 1 1 1 1 6
0 1 1 1 1 1 1 1 1 1 1 1 1 1 1 1 1 1 1 1 1 1 1 1 6
