0000011111111111111111111100000
0000100000000000000000000010000
0001000000000000000000000001000
0001000111111111111111110001000
0001001000000000000000001001000
0001001000000000000000001001000
0001001000000000000000001001000
0001001000010001000100001001000
0001001000010001000100001001000
0001001000000001000000001001000
0001001000000001000000001001000
0001001000000011000000001001000
0001001000000000000000001001000
0001001000001000010000001001000
0001001000000111100000001001000
0001001000000000000000001001000
0001001000000000000000001001000
0001000111111111111111110001000
0001000000000000000000000001000
0001000000000000000000000001000
0001000000000000000000000001000
0001000000000000000000000001000
0001001100000000001111110001000
0001000000000000000000000001000
0001000000000000000000000001000
0001000000000000000000000001000
0001000000000000000000000001000
0000111111111111111111111110000
0000100000000000000000000010000
0000100000000000000000000010000
0000100000000000000000000010000
0000111111111111111111111110000
